%YAML:1.0
---
image_width: 640
image_height: 480
camera_matrix: !!opencv-matrix
   rows: 3
   cols: 3
   dt: d
   data: [ 6.0972141278012396e+002, 0., 3.3168015999200816e+002, 0.,
       6.1023432938281576e+002, 2.2770213628907214e+002, 0., 0., 1. ]
distortion_coefficients: !!opencv-matrix
   rows: 1
   cols: 5
   dt: d
   data: [ 4.7213717018668819e-002, 3.7669831500152884e-001,
       -2.4880232931669944e-003, 1.5030057199571249e-003,
       -1.6912774811987887e+000 ]
